5.48216e-03 -1.05699e-02 9.10478e-02 6.15234e-02 7.59065e-02 -2.79919e-03 -2.57144e-02 1.10713e-02 -4.86975e-03 -8.70721e-03 -2.60833e-02 2.92370e-02 3.59432e-02 6.75292e-02 -4.92392e-03 -9.72027e-04 -5.94462e-03 -2.72352e-03 9.64150e-03 9.31352e-03 9.01958e-03 9.06186e-03 1.07163e-02 9.89662e-03 9.94686e-03 9.85339e-03 9.72641e-03 8.77392e-03 8.76685e-03 7.84608e-03 7.95964e-03 1.12284e-02 1.02131e-02 1.01286e-02 1.03183e-02 1.01767e-02
-7.52540e-01 -8.50317e-01 -1.10707e+00 -1.19609e+00 -1.04444e+00 -1.01259e+00 -1.12243e+00 -1.14875e+00 -1.24388e+00 -1.05991e+00 -1.20775e+00 -8.27860e-01 -8.34752e-01 -9.80805e-01 -1.03864e+00 -8.14454e-01 -1.10014e+00 -9.88173e-01 2.19741e-01 2.26456e-01 2.66401e-01 2.78551e-01 2.81200e-01 2.89011e-01 2.92870e-01 3.00638e-01 2.87407e-01 2.04818e-01 2.24997e-01 2.58802e-01 2.74049e-01 3.01195e-01 3.03489e-01 2.82652e-01 3.01895e-01 2.82155e-01
-8.48606e-01 -9.30811e-01 -1.18918e+00 -1.22126e+00 -1.15771e+00 -9.13929e-01 -1.03825e+00 -1.23662e+00 -1.29424e+00 -1.06151e+00 -1.16257e+00 -8.04921e-01 -8.13058e-01 -9.06187e-01 -1.01707e+00 -8.87493e-01 -1.10452e+00 -1.02258e+00 2.17201e-01 2.32172e-01 2.76229e-01 2.89181e-01 2.99548e-01 2.94105e-01 2.92755e-01 3.08657e-01 2.89634e-01 2.14415e-01 2.28800e-01 2.55214e-01 2.71522e-01 2.93287e-01 3.05994e-01 2.91972e-01 3.04414e-01 2.75696e-01
-8.64037e-01 -9.08483e-01 -1.08777e+00 -1.15060e+00 -1.10831e+00 -1.00206e+00 -1.07931e+00 -1.12182e+00 -1.25261e+00 -1.02356e+00 -1.10985e+00 -8.20326e-01 -8.42538e-01 -9.07451e-01 -9.90618e-01 -9.10654e-01 -1.11421e+00 -1.08318e+00 2.23365e-01 2.37280e-01 2.78027e-01 3.00311e-01 3.20533e-01 3.21822e-01 3.21081e-01 3.18910e-01 2.99953e-01 2.16604e-01 2.40409e-01 2.66301e-01 2.88373e-01 3.09139e-01 3.26688e-01 3.16567e-01 3.21239e-01 2.91499e-01
-8.96334e-01 -9.19515e-01 -9.91016e-01 -1.05857e+00 -1.05301e+00 -9.03525e-01 -9.98161e-01 -1.14013e+00 -1.23141e+00 -9.75087e-01 -1.03153e+00 -8.14287e-01 -8.49308e-01 -9.24502e-01 -9.68927e-01 -9.07864e-01 -1.08743e+00 -1.08697e+00 2.33871e-01 2.38511e-01 2.78754e-01 3.15969e-01 3.34876e-01 3.25066e-01 3.24962e-01 3.24931e-01 3.01244e-01 2.27405e-01 2.45570e-01 2.79759e-01 3.12722e-01 3.29826e-01 3.32329e-01 3.27599e-01 3.35187e-01 3.00246e-01
-8.74493e-01 -8.88755e-01 -9.60982e-01 -1.02168e+00 -1.00750e+00 -9.39429e-01 -1.00200e+00 -1.05374e+00 -1.17017e+00 -9.60335e-01 -1.00818e+00 -8.18012e-01 -8.47487e-01 -9.02097e-01 -9.33071e-01 -8.91649e-01 -1.05737e+00 -1.07192e+00 2.23024e-01 2.30973e-01 2.71898e-01 3.06458e-01 3.13388e-01 3.04729e-01 3.04059e-01 3.02912e-01 2.73506e-01 2.16308e-01 2.35394e-01 2.71053e-01 3.01820e-01 3.14920e-01 3.07156e-01 2.97130e-01 3.01904e-01 2.71622e-01
-7.96645e-01 -8.23814e-01 -8.99166e-01 -9.72348e-01 -9.73383e-01 -8.97098e-01 -9.75692e-01 -1.10547e+00 -1.19702e+00 -8.78530e-01 -9.17945e-01 -7.97416e-01 -8.47364e-01 -9.03304e-01 -9.34556e-01 -9.12319e-01 -1.06588e+00 -1.09943e+00 2.21007e-01 2.36371e-01 2.87098e-01 3.23100e-01 3.38347e-01 3.26075e-01 3.22196e-01 3.17453e-01 2.91624e-01 2.23770e-01 2.37912e-01 2.86043e-01 3.29434e-01 3.43508e-01 3.33781e-01 3.22447e-01 3.25133e-01 2.89286e-01
-8.74356e-01 -8.73673e-01 -9.25435e-01 -9.83688e-01 -9.90203e-01 -9.26004e-01 -9.82299e-01 -1.03877e+00 -1.14510e+00 -9.09567e-01 -9.39246e-01 -8.17339e-01 -8.58391e-01 -9.16187e-01 -9.22966e-01 -9.08518e-01 -1.05075e+00 -1.08040e+00 2.20555e-01 2.30001e-01 2.75533e-01 3.08676e-01 3.25614e-01 3.17704e-01 3.21782e-01 3.17254e-01 2.92413e-01 2.20304e-01 2.40509e-01 2.80585e-01 3.10979e-01 3.25560e-01 3.30931e-01 3.23187e-01 3.22380e-01 2.89916e-01
-7.77902e-01 -7.95295e-01 -8.53527e-01 -9.06227e-01 -8.93742e-01 -8.48551e-01 -9.17158e-01 -1.02810e+00 -1.11263e+00 -8.43792e-01 -8.54149e-01 -7.64147e-01 -8.05407e-01 -8.33119e-01 -8.78723e-01 -8.68654e-01 -1.00563e+00 -1.04632e+00 2.15702e-01 2.23741e-01 2.63628e-01 2.90997e-01 3.03330e-01 2.99732e-01 2.96523e-01 2.92541e-01 2.73440e-01 2.15652e-01 2.30128e-01 2.64117e-01 2.85155e-01 2.95135e-01 3.02206e-01 2.94404e-01 3.03776e-01 2.80231e-01
-7.56053e-01 -7.65636e-01 -8.18734e-01 -8.76640e-01 -8.81959e-01 -8.83775e-01 -9.36365e-01 -9.99557e-01 -1.09611e+00 -8.22064e-01 -8.44547e-01 -7.72887e-01 -8.10870e-01 -8.39524e-01 -8.78051e-01 -8.73651e-01 -9.99286e-01 -1.04775e+00 2.11823e-01 2.26542e-01 2.60285e-01 2.84814e-01 2.98212e-01 2.95107e-01 2.99244e-01 2.98107e-01 2.71639e-01 2.12336e-01 2.24061e-01 2.55783e-01 2.85427e-01 2.98356e-01 2.99883e-01 2.90016e-01 2.91996e-01 2.67207e-01
-7.96387e-01 -8.00283e-01 -8.45073e-01 -8.95982e-01 -8.98749e-01 -8.58357e-01 -9.17242e-01 -1.02660e+00 -1.11019e+00 -8.35501e-01 -8.49881e-01 -7.92586e-01 -8.26856e-01 -8.54945e-01 -8.83621e-01 -8.81340e-01 -1.01037e+00 -1.06001e+00 2.13826e-01 2.21364e-01 2.60523e-01 2.83437e-01 2.98632e-01 2.98925e-01 3.03228e-01 2.97034e-01 2.71002e-01 2.14983e-01 2.29478e-01 2.69359e-01 2.87648e-01 3.00983e-01 3.08997e-01 2.99348e-01 2.98253e-01 2.68483e-01
-8.01355e-01 -8.06070e-01 -8.27697e-01 -8.72731e-01 -8.76275e-01 -8.76859e-01 -9.32815e-01 -1.01028e+00 -1.10756e+00 -8.36405e-01 -8.48746e-01 -7.93596e-01 -8.24388e-01 -8.40280e-01 -8.85957e-01 -8.87067e-01 -1.02172e+00 -1.07588e+00 2.29557e-01 2.33690e-01 2.64489e-01 2.83121e-01 2.93533e-01 2.92637e-01 2.98297e-01 2.97583e-01 2.78201e-01 2.24146e-01 2.35979e-01 2.67823e-01 2.85595e-01 2.94606e-01 2.99527e-01 2.96536e-01 3.01595e-01 2.78898e-01
-8.21065e-01 -8.18358e-01 -8.28616e-01 -8.75050e-01 -8.84407e-01 -8.62745e-01 -9.21466e-01 -1.03133e+00 -1.11519e+00 -8.32446e-01 -8.38478e-01 -7.88892e-01 -8.22674e-01 -8.50278e-01 -8.89509e-01 -8.98836e-01 -1.02260e+00 -1.07810e+00 2.24600e-01 2.29489e-01 2.61930e-01 2.81724e-01 3.08952e-01 3.05573e-01 3.04161e-01 2.96331e-01 2.72757e-01 2.26768e-01 2.37497e-01 2.68815e-01 2.88947e-01 3.04250e-01 3.18187e-01 3.06787e-01 3.03883e-01 2.75701e-01
-8.11357e-01 -8.05093e-01 -8.58244e-01 -8.95422e-01 -9.11213e-01 -8.79016e-01 -9.25120e-01 -9.99786e-01 -1.08659e+00 -8.31874e-01 -8.30665e-01 -7.92940e-01 -8.28878e-01 -8.59982e-01 -8.80218e-01 -8.87646e-01 -1.00359e+00 -1.05956e+00 2.25288e-01 2.31651e-01 2.68155e-01 2.94040e-01 3.11261e-01 3.01827e-01 3.02173e-01 3.01254e-01 2.75052e-01 2.27924e-01 2.33419e-01 2.62948e-01 2.89400e-01 3.01317e-01 3.08660e-01 3.00198e-01 2.98720e-01 2.71934e-01
-8.98736e-01 -8.91327e-01 -9.30865e-01 -9.74441e-01 -1.00144e+00 -9.74638e-01 -1.02272e+00 -1.10684e+00 -1.19832e+00 -9.21340e-01 -9.16139e-01 -8.75768e-01 -9.13880e-01 -9.51013e-01 -9.82053e-01 -9.90339e-01 -1.11359e+00 -1.17606e+00 2.47124e-01 2.46604e-01 2.86530e-01 3.12969e-01 3.36080e-01 3.38627e-01 3.34442e-01 3.28411e-01 3.02681e-01 2.42932e-01 2.60071e-01 2.92696e-01 3.19161e-01 3.32594e-01 3.48494e-01 3.37623e-01 3.29730e-01 2.97637e-01
-9.85864e-01 -9.73536e-01 -1.02379e+00 -1.07380e+00 -1.10471e+00 -1.07709e+00 -1.12937e+00 -1.23314e+00 -1.33139e+00 -1.00722e+00 -9.97229e-01 -9.59551e-01 -1.01046e+00 -1.05178e+00 -1.08049e+00 -1.09057e+00 -1.22397e+00 -1.29516e+00 2.67203e-01 2.70827e-01 3.14045e-01 3.44948e-01 3.75746e-01 3.73495e-01 3.70628e-01 3.55576e-01 3.24077e-01 2.70084e-01 2.85107e-01 3.19347e-01 3.50693e-01 3.72024e-01 3.82460e-01 3.64240e-01 3.58538e-01 3.23508e-01
